30022940
30024917
610016703
610018530
610021487
610021562
610022159
610022936
610022958
610023022
610023113
610023570
610024859
610025159
610026022
610026442
610032714
610032723
610027242
610027508
610027519
610027600
610028148
610028266
610028362
610028379
610028663
610028721
610028743
610029614
610029661
610029941
610030217
610030250
610030460
610030608
610030621
610030812
610030844
610030925
610030951
610030966
610031016
610031116
610031308
610031588
610031597
610031811
610031861
610032218
610032299
610032372
610032396
610032791
610032827
940018358
940019239
940019416
940020401
940021507
940021579
940021753
940025628
940030207
940030406
940030671
940030686
990041575
990041634
990042184
990042249
990042251
