30017292
30018785
30018971
30019102
30019263
30019355
30019637
30020194
30020451
30020860
30021377
30021399
30022060
30022363
30022942
30023087
30023346
30023549
30023640
30023700
30023704
30023773
30023891
30025028
30026399
30027004
30027005
30027240
30027831
30028099
30028661
30028956
30029087
30029192
30029233
30029492
30029567
30029587
30030267
30030337
30030378
30030422
30030428
30030436
30030586
30030663
30030667
30030690
30030694
30030754
30030825
30030829
30030890
30030980
30031051
30031098
30031159
30031226
30031272
30031298
30031350
30031352
30031366
30031394
30031395
30031484
30031675
30031688
30031691
30032556
30032834
30032885
30032917
30032987
30032989
30033005
30033030
30033113
30033120
30033124
30033311
130020977
130022366
130023050
130023098
130023101
130025151
130025643
130027614
130027717
130027829
130028423
130028441
130028525
130028646
130028858
130028895
130028929
130028955
130029152
130029174
130029279
130029438
130029571
130029573
130029574
130029870
130029916
130030330
130030355
130030384
130030412
130030465
130030677
130030775
130031118
130031140
130031190
130031199
130031287
130031331
130031373
130031385
130031963
130031981
130032221
130032517
130032625
130032773
130032843
130032884
130032920
130032930
130032941
130033034
130033097
300031394
300031995
300032534
300033033
610013351
610014068
610014881
610016144
610016223
610016232
610016233
610016373
610016396
610016512
610016680
610016689
610016705
610016720
610016745
610016829
610016865
610016902
610016934
610017027
610017295
610017337
610017358
610017397
610017465
610017467
610017579
610017727
610017770
610017856
610017917
610017927
610017940
610017945
610018030
610018132
610018155
610018163
610018170
610018179
610018316
610018398
610018442
610018473
610018491
610018528
610018622
610018642
610018644
610018653
610018688
610018695
610018740
610018754
610018832
610018851
610018882
610018892
610018910
610018917
610018943
610018980
610018996
610019046
610019070
610019117
610019126
610019131
610019216
610019220
610019231
610019269
610019307
610019379
610019408
610019453
610019457
610019495
610019517
610019561
610019566
610019586
610019609
610019614
610019643
610019645
610019678
610019698
610019702
610019757
610019781
610019784
610019786
610019805
610019864
610019877
610019920
610019965
610019981
610019986
610020031
610020056
610020057
610020062
610020138
610020140
610020179
610020192
610020209
610020214
610020227
610020231
610020271
610020283
610020305
610020311
610020337
610020378
610020413
610020421
610020456
610020460
610020493
610020497
610020519
610020527
610020547
610020550
610020551
610020613
610020628
610020643
610020652
610020774
610020778
610020803
610020826
610020874
610020880
610020883
610021009
610021030
610021033
610021038
610021064
610021077
610021143
610021149
610021176
610021180
610021215
610021248
610021277
610021292
610021299
610021336
610021382
610021402
610021413
610021478
610021496
610021524
610021532
610021552
610021558
610021586
610021607
610021608
610021629
610021633
610021637
610021672
610021678
610021734
610021744
610021750
610021752
610021832
610021836
610021928
610021949
610021950
610021966
610022005
610022041
610022045
610022066
610022080
610022090
610022121
610022124
610022126
610022160
610022222
610022223
610022335
610022349
610022396
610022413
610022420
610022474
610022486
610022508
610022512
610022534
610022565
610022583
610022614
610022629
610022646
610022654
610022675
610022679
610022681
610022686
610022726
610022730
610022758
610022769
610022793
610022832
610022847
610022868
610022876
610022878
610022903
610022921
610022931
610022932
610022959
610022962
610022964
610022980
610022982
610022999
610023091
610023099
610023112
610023126
610023169
610023181
610023185
610023192
610023203
610023229
610023234
610023246
610023254
610023296
610023311
610023348
610023352
610023400
610023405
610023424
610023426
610023476
610023540
610023541
610023601
610023618
610023647
610023656
610023678
610023699
610023701
610023703
610023708
610023742
610023744
610023749
610023783
610023827
610023838
610023840
610023874
610023875
610023885
610023915
610023941
610023946
610023947
610023962
610023994
610024047
610024050
610024074
610024077
610024089
610024095
610024099
610024110
610024111
610024116
610024136
610024147
610024149
610024169
610024177
610024201
610024204
610024206
610024211
610024230
610024256
610024280
610024282
610024285
610024294
610024307
610024312
610024330
610024354
610024421
610024426
610024470
610024472
610024532
610024536
610024560
610024569
610024583
610024609
610024618
610024672
610024677
610024690
610024723
610024725
610024727
610024738
610024741
610024751
610024757
610024779
610024818
610024834
610024845
610024868
610024885
610024902
610024919
610024930
610024971
610025015
610025019
610025020
610025088
610025109
610025113
610025126
610025131
610025139
610025156
610025163
610025192
610025208
610025219
610025224
610025226
610025227
610025249
610025250
610025257
610025263
610025332
610025373
610025374
610025387
610025394
610025411
610025427
610025452
610025453
610025471
610025473
610025475
610025481
610025500
610025501
610025523
610025572
610025591
610025602
610025615
610025621
610025633
610025640
610025649
610025670
610025679
610025707
610025717
610025718
610025724
610025738
610025740
610025742
610025758
610025771
610025813
610025818
610025864
610025865
610025889
610025899
610025906
610025908
610025932
610025941
610025944
610025967
610025984
610025989
610025996
610026001
610026018
610026030
610026045
610026049
610026068
610026069
610026122
610026145
610026212
610026224
610026254
610026258
610026259
610026265
610026285
610026298
610026320
610026325
610026368
610026414
610026436
610026463
610026472
610026484
610026496
610026503
610026510
610026548
610026565
610026569
610026596
610026610
610026623
610026628
610026649
610026658
610026688
610026759
610026764
610026779
610026791
610026804
610026815
610026821
610026822
610026824
610026861
610026864
610026894
610026899
610026916
610026920
610026923
610026924
610026933
610026935
610026950
610026956
610026957
610026986
610026990
610027011
610027030
610027031
610027035
610027067
610027069
610027077
610027084
610027092
610027111
610027113
610027115
610027154
610027162
610027182
610027216
610027219
610027222
610027226
610027232
610027234
610027235
610027247
610027249
610027250
610027252
610027284
610027303
610027323
610027348
610027349
610027352
610027358
610027366
610027376
610027390
610027393
610027397
610027400
610027403
610027422
610027430
610027437
610027442
610027470
610027473
610027478
610027480
610027502
610027507
610027520
610027595
610027597
610027602
610027613
610027622
610027628
610027673
610027705
610027712
610027720
610027728
610027773
610027793
610027794
610027815
610027833
610027840
610027857
610027900
610027901
610027905
610027906
610027940
610027960
610027969
610027980
610027987
610027992
610028036
610028106
610028115
610028118
610028122
610028138
610028145
610028169
610028172
610028173
610028183
610028184
610028190
610028205
610028211
610028232
610028235
610028243
610028252
610028273
610028279
610028309
610028318
610028333
610028337
610028366
610028367
610028370
610028375
610028382
610028393
610028434
610028461
610028465
610028474
610028476
610028484
610028496
610028568
610028572
610028574
610028576
610028585
610028593
610028594
610028610
610028614
610028617
610028618
610028645
610028652
610028658
610028678
610028691
610028692
610028708
610028709
610028711
610028723
610028753
610028754
610028800
610028804
610028822
610028834
610028840
610028841
610028847
610028854
610028870
610028916
610028926
610028928
610028931
610028942
610028960
610028969
610028982
610028992
610029018
610029034
610029047
610029052
610029055
610029069
610029084
610029088
610029103
610029120
610029124
610029126
610029132
610029144
610029165
610029209
610029210
610029215
610029219
610029225
610029257
610029286
610029306
610029319
610029325
610029339
610029340
610029345
610029347
610029348
610029356
610029385
610029417
610029442
610029445
610029450
610029457
610029459
610029461
610029474
610029478
610029482
610029497
610029503
610029514
610029528
610029529
610029559
610029560
610029562
610029594
610029597
610029620
610029621
610029627
610029637
610029643
610029652
610029660
610029670
610029672
610029674
610029685
610029687
610029688
610029695
610029699
610029700
610029703
610029705
610029716
610029728
610029762
610029764
610029768
610029777
610029782
610029788
610029795
610029800
610029807
610029814
610029827
610029828
610029832
610029840
610029843
610029860
610029867
610029875
610029878
610029879
610029886
610029889
610029895
610029896
610029897
610029908
610029927
610029938
610029943
610029945
610029948
610029954
610029970
610029977
610029980
610029981
610030009
610030012
610030015
610030017
610030028
610030041
610030046
610030050
610030058
610030060
610030068
610030076
610030082
610030098
610030100
610030122
610030124
610030134
610030135
610030155
610030173
610030174
610030178
610030184
610030192
610030194
610030195
610030196
610030197
610030201
610030203
610030215
610030228
610030261
610030275
610030284
610030289
610030303
610030316
610030323
610030331
610030338
610030341
610030343
610030360
610030364
610030383
610030388
610030393
610030398
610030399
610030403
610030411
610030441
610030458
610030468
610030471
610030481
610030482
610030486
610030489
610030490
610030500
610030526
610030531
610030571
610030597
610030614
610030615
610030625
610030641
610030648
610030675
610030679
610030683
610030689
610030704
610030710
610030711
610030720
610030723
610030727
610030764
610030776
610030789
610030805
610030810
610030813
610030836
610030845
610030848
610030862
610030863
610030867
610030868
610030874
610030882
610030886
610030888
610030892
610030899
610030902
610030904
610030906
610030909
610030910
610030911
610030916
610030918
610030928
610030932
610030933
610030938
610030944
610030945
610030955
610030958
610030970
610030971
610030972
610030975
610030981
610030984
610030988
610030991
610031000
610031002
610031010
610031022
610031026
610031028
610031030
610031036
610031037
610031038
610031039
610031040
610031041
610031042
610031045
610031046
610031048
610031054
610031057
610031064
610031065
610031068
610031076
610031077
610031078
610031083
610031099
610031105
610031112
610031113
610031115
610031117
610031134
610031135
610031147
610031148
610031150
610031160
610031177
610031179
610031182
610031192
610031209
610031211
610031221
610031223
610031225
610031237
610031241
610031242
610031254
610031255
610031256
610031259
610031262
610031268
610031270
610031275
610031279
610031280
610031281
610031282
610031285
610031286
610031289
610031305
610031307
610031328
610031338
610031356
610031362
610031364
610031377
610031378
610031381
610031384
610031389
610031401
610031432
610031433
610031438
610031485
610031486
610031489
610031490
610031491
610031501
610031507
610031518
610031519
610031520
610031521
610031525
610031529
610031531
610031547
610031548
610031549
610031560
610031562
610031566
610031568
610031571
610031573
610031589
610031590
610031593
610031594
610031595
610031598
610031599
610031601
610031605
610031606
610031609
610031611
610031613
610031616
610031627
610031631
610031633
610031636
610031640
610031642
610031643
610031645
610031648
610031652
610031656
610031658
610031661
610031664
610031674
610031680
610031689
610031693
610031694
610031700
610031705
610031708
610031715
610031725
610031729
610031731
610031733
610031740
610031744
610031750
610031753
610031755
610031759
610031761
610031763
610031767
610031770
610031772
610031780
610031781
610031785
610031786
610031788
610031789
610031804
610031805
610031815
610031817
610031822
610031835
610031839
610031842
610031843
610031845
610031849
610031851
610031854
610031865
610031867
610031870
610031872
610031874
610031875
610031878
610031879
610031880
610031884
610031897
610031902
610031904
610031905
610031909
610031912
610031915
610031928
610031929
610031934
610031942
610031947
610031950
610031971
610031972
610031973
610031976
610031978
610031982
610031984
610031987
610031990
610031996
610031997
610031999
610032001
610032004
610032009
610032018
610032023
610032028
610032029
610032032
610032035
610032038
610032039
610032047
610032051
610032062
610032073
610032074
610032077
610032080
610032081
610032089
610032094
610032101
610032106
610032107
610032108
610032111
610032113
610032114
610032115
610032118
610032123
610032124
610032126
610032140
610032153
610032155
610032159
610032165
610032168
610032173
610032193
610032201
610032205
610032206
610032214
610032223
610032228
610032232
610032235
610032244
610032249
610032250
610032257
610032270
610032272
610032274
610032275
610032283
610032290
610032293
610032295
610032307
610032316
610032322
610032323
610032325
610032326
610032340
610032342
610032345
610032352
610032354
610032355
610032360
610032375
610032384
610032386
610032398
610032399
610032400
610032404
610032416
610032417
610032418
610032425
610032426
610032427
610032431
610032447
610032450
610032451
610032457
610032459
610032462
610032468
610032470
610032472
610032474
610032477
610032479
610032481
610032483
610032487
610032489
610032492
610032493
610032494
610032500
610032503
610032507
610032509
610032510
610032515
610032516
610032522
610032527
610032546
610032552
610032553
610032557
610032577
610032578
610032579
610032582
610032588
610032590
610032594
610032597
610032605
610032606
610032611
610032615
610032617
610032619
610032626
610032633
610032634
610032635
610032637
610032638
610032642
610032643
610032645
610032648
610032650
610032652
610032655
610032656
610032657
610032658
610032659
610032661
610032664
610032665
610032666
610032669
610032674
610032675
610032678
610032679
610032680
610032681
610032683
610032684
610032687
610032689
610032690
610032691
610032692
610032694
610032703
610032706
610032707
610032708
610032710
610032711
610032716
610032717
610032718
610032719
610032720
610032722
610032724
610032726
610032733
610032736
610032739
610032740
610032742
610032758
610032761
610032766
610032768
610032771
610032776
610032781
610032783
610032785
610032790
610032796
610032797
610032802
610032803
610032808
610032813
610032816
610032818
610032820
610032823
610032826
610032837
610032839
610032842
610032844
610032849
610032850
610032851
610032856
610032857
610032865
610032868
610032869
610032870
610032871
610032874
610032875
610032882
610032888
610032890
610032893
610032894
610032908
610032919
610032921
610032925
610032931
610032932
610032943
610032950
610032952
610032956
610032958
610032959
610032962
610032964
610032965
610032966
610032970
610032973
610032976
610032978
610032982
610032983
610032988
610032991
610032994
610032997
610033002
610033007
610033008
610033010
610033011
610033012
610033013
610033014
610033016
610033017
610033021
610033022
610033023
610033025
610033026
610033027
610033028
610033031
610033039
610033041
610033043
610033044
610033045
610033046
610033047
610033048
610033049
610033051
610033053
610033054
610033056
610033057
610033062
610033063
610033064
610033066
610033067
610033069
610033070
610033072
610033074
610033075
610033076
610033082
610033083
610033085
610033087
610033088
610033089
610033090
610033091
610033092
610033095
610033100
610033102
610033103
610033106
610033107
610033109
610033111
610033114
610033115
610033116
610033117
610033118
610033119
610033121
610033123
610033128
610033129
610033137
610033138
610033141
610033143
610033146
610033147
610033148
610033149
610033150
610033152
610033153
610033154
610033155
610033156
610033159
610033161
610033164
610033166
610033167
610033168
610033172
610033179
610033180
610033184
610033188
610033189
610033194
610033195
610033196
610033199
610033200
610033201
610033202
610033205
610033208
610033209
610033210
610033211
610033212
610033213
610033215
610033218
610033219
610033220
610033223
610033224
610033227
610033228
610033229
610033231
610033232
610033233
610033234
610033236
610033237
610033239
610033240
610033242
610033244
610033247
610033249
610033251
610033254
610033257
610033261
610033264
610033265
610033266
610033269
610033278
610033285
610033288
610033289
610033291
610033292
610033293
610033294
610033295
610033296
610033297
610033298
610033299
610033301
610033313
610033315
610033317
610033318
610033319
610033320
610033322
610033323
610033324
610033326
610033327
610033328
610033330
610033331
610033334
610033335
610033336
610033338
610033339
610033340
610033342
610033343
610033344
610033345
610033346
610033347
610033348
610033349
610033350
610033351
610033352
610033353
610033354
610033356
610033357
610033358
610033359
610033360
610033361
610033362
610033363
610033364
610033366
610033367
610033372
610033373
610033374
610033375
610033376
610033377
610033378
610033380
610033381
610033382
610033384
610033386
610033387
610033388
610033389
610033391
610033392
610033393
610033394
610033395
610033396
610033397
610033398
610033399
610033401
610033402
610033403
610033404
900028570
900032130
940014821
940016128
940016742
940016777
940016862
940016893
940016918
940016996
940017041
940017262
940017311
940017372
940017402
940017601
940017680
940017740
940017804
940017807
940017813
940017833
940017835
940017846
940017894
940017910
940017941
940017963
940017971
940018014
940018328
940018357
940018449
940018572
940018750
940018774
940018799
940018868
940019222
940019247
940019253
940019340
940019384
940019402
940019515
940019523
940019628
940019697
940019861
940019907
940019941
940019955
940020318
940020427
940020488
940020578
940020609
940020610
940020639
940020688
940020721
940020961
940021161
940021185
940021195
940021262
940021283
940021316
940021418
940021470
940021639
940021738
940021741
940021804
940021877
940021968
940022038
940022173
940022247
940022308
940022341
940022463
940022468
940022469
940022584
940022633
940022975
940023285
940023287
940023331
940023374
940023398
940023410
940023509
940023646
940023918
940023989
940024128
940024180
940024193
940024289
940024372
940024571
940024649
940024743
940024824
940024865
940024945
940025188
940025288
940025371
940025712
940025868
940025958
940026055
940026218
940026271
940026355
940026402
940026439
940026527
940026539
940026913
940026930
940026976
940027012
940027021
940027059
940027175
940027299
940027300
940027411
940027424
940027528
940027619
940027719
940027729
940027756
940027757
940027758
940027800
940027986
940028025
940028092
940028338
940028402
940028418
940028453
940028559
940028567
940028591
940028595
940028609
940028623
940028650
940028654
940028728
940028729
940028783
940028796
940028801
940028975
940029043
940029100
940029113
940029147
940029157
940029175
940029199
940029250
940029282
940029293
940029298
940029332
940029336
940029509
940029542
940029543
940029550
940029604
940029629
940029653
940029659
940029738
940029787
940029812
940029824
940029848
940029858
940029907
940029958
940029983
940030164
940030304
940030354
940030404
940030525
940030545
940030591
940030697
940030725
940030834
940030896
940030901
940031005
940031164
940031167
940031194
940031278
940031296
940031303
940031324
940031360
940031367
940031370
940031403
940031412
940031416
940031459
940031463
940031468
940031470
940031471
940031516
940031523
940031535
940031555
940031558
940031563
940031567
940031577
940031608
940031654
940031671
940031812
940031895
940032795
940032945
940032979
940033006
940033065
940033185
940033190
940033191
990040027
990040139
990040217
990040231
990040250
990040280
990040388
990040413
990040452
990040465
990040490
990040544
990040566
990040595
990040607
990040697
990040716
990040735
990040745
990040794
990040805
990040821
990040847
990040868
990040910
990040927
990040932
990040935
990040951
990040982
990040987
990041064
990041143
990041191
990041192
990041201
990041214
990041297
990041372
990041381
990041397
990041454
990041474
990041486
990041513
990041553
990041581
990041603
990041651
990041675
990041680
990041700
990041710
990041741
990041761
990041805
990041830
990041850
990041854
990041859
990041891
990041894
990041917
990041918
990041924
990041935
990041938
990041962
990041963
990041972
990041977
990041980
990042026
990042030
990042033
990042042
990042046
990042048
990042062
990042063
990042064
990042069
990042071
990042083
990042090
990042091
990042092
990042097
990042100
990042106
990042112
990042118
990042120
990042128
990042135
990042153
990042165
990042167
990042173
990042175
990042191
990042195
990042197
990042200
990042207
990042209
990042220
990042221
990042222
990042223
990042234
990042235
990042237
990042247
990042250
990042253
990042255
990042258
990042262
990042266
990042267
990042269
990042270
990042271
990042279
990042280
990042283
990042285
990042288
990042289
990042290
