30001231
30019744
30019872
30020287
30020360
30020667
30021278
30022368
30022940
30023010
30023011
30023195
30023265
30024006
30024203
30024420
30024580
30024917
30025445
30026070
30026745
30026849
30027147
30027149
30028759
30029232
30029235
30029923
30030189
30030479
30030495
30030559
30030605
30030658
30030921
30031074
30031087
30031353
30031685
30031995
30032104
30032665
30032914
30032922
30033033
30033104
30033112
130020672
130020773
130022886
130023062
130024120
130026065
130028777
130028793
130028857
130028997
130029049
130029050
130029351
130029368
130029476
130030040
130030327
130030356
130030426
130030547
130030785
130030828
130031405
130031964
130032892
130032916
130033035
130033105
300032876
300032899
610015300
610016033
610016172
610016285
610016297
610016302
610016354
610016401
610016412
610016503
610016506
610016618
610016663
610016703
610016835
610016945
610016978
610017037
610017062
610017073
610017076
610017081
610017109
610017360
610017590
610017693
610017705
610017726
610017753
610017897
610017919
610017934
610017950
610017968
610018001
610018047
610018103
610018194
610018211
610018217
610018224
610018355
610018469
610018524
610018530
610018655
610018691
610018745
610018794
610018796
610018814
610018825
610018845
610018888
610019003
610019119
610019129
610019144
610019148
610019149
610019199
610019361
610019414
610019429
610019430
610019527
610019573
610019575
610019592
610019626
610019656
610019662
610019670
610019685
610019719
610019756
610019761
610019821
610019866
610019905
610019992
610020016
610020042
610020073
610020104
610020315
610020316
610020366
610020383
610020450
610020478
610020500
610020531
610020541
610020576
610020597
610020605
610020629
610020631
610020684
610020733
610020768
610020801
610020810
610020854
610020866
610020882
610020920
610020923
610020926
610020928
610020990
610021029
610021037
610021070
610021137
610021192
610021318
610021321
610021337
610021352
610021373
610021424
610021444
610021460
610021461
610021487
610021513
610021560
610021562
610021598
610021601
610021602
610021621
610021655
610021669
610021748
610021758
610021764
610021771
610021869
610021964
610021967
610021975
610022033
610022034
610022063
610022085
610022093
610022137
610022138
610022159
610022172
610022177
610022180
610022192
610022239
610022254
610022274
610022317
610022319
610022342
610022382
610022386
610022408
610022425
610022475
610022558
610022569
610022585
610022617
610022618
610022657
610022692
610022701
610022724
610022731
610022737
610022767
610022805
610022854
610022864
610022867
610022869
610022871
610022922
610022925
610022929
610022930
610022936
610022946
610022947
610022958
610022961
610022986
610023001
610023006
610023018
610023022
610023026
610023040
610023050
610023113
610023177
610023206
610023228
610023292
610023338
610023351
610023441
610023460
610023473
610023478
610023502
610023508
610023523
610023570
610023572
610023597
610023599
610023651
610023697
610023728
610023737
610023786
610023792
610023814
610023881
610023900
610023916
610023973
610024100
610024115
610024141
610024164
610024178
610024208
610024214
610024221
610024226
610024238
610024243
610024249
610024261
610024262
610024284
610024323
610024324
610024347
610024382
610024383
610024450
610024535
610024544
610024548
610024549
610024562
610024594
610024622
610024662
610024700
610024717
610024748
610024766
610024782
610024806
610024811
610024831
610024859
610024867
610024937
610024953
610024957
610024970
610024992
610025018
610025031
610025054
610025071
610025122
610025133
610025159
610025162
610025214
610025247
610025291
610025302
610025382
610025392
610025393
610025398
610025410
610025461
610025470
610025497
610025525
610025557
610025558
610025565
610025585
610025588
610025601
610025655
610025676
610025684
610025715
610025743
610025767
610025807
610025810
610025815
610025823
610025829
610025841
610025845
610025882
610025910
610025916
610025978
610026016
610026020
610026022
610026047
610026050
610026081
610026136
610026139
610026147
610026177
610026187
610026213
610026228
610026231
610026251
610026286
610026311
610026314
610026322
610026373
610026411
610026442
610026453
610026479
610026487
610026533
610026540
610026547
610026550
610026552
610026553
610026555
610026562
610026564
610026568
610026630
610026638
610026655
610026671
610026678
610026738
610026748
610026769
610026778
610026785
610026786
610026813
610026814
610026836
610026860
610026891
610026909
610026915
610026946
610026947
610026951
610026962
610026963
610026970
610026985
610026992
610027009
610027036
610027051
610027068
610027076
610027096
610027106
610027110
610027118
610027136
610027176
610027180
610027198
610027242
610027260
610027338
610027357
610027395
610027433
610027454
610027460
610027466
610027487
610027489
610027501
610027504
610027505
610027506
610027508
610027519
610027539
610027540
610027557
610027558
610027559
610027572
610027599
610027600
610027605
610027630
610027634
610027641
610027642
610027666
610027699
610027701
610027706
610027734
610027736
610027763
610027769
610027770
610027781
610027782
610027797
610027807
610027830
610027879
610027887
610027899
610027913
610027931
610027955
610027975
610027981
610027990
610028004
610028017
610028066
610028079
610028098
610028120
610028126
610028132
610028142
610028146
610028148
610028149
610028154
610028158
610028162
610028180
610028194
610028201
610028203
610028229
610028237
610028244
610028254
610028258
610028259
610028265
610028266
610028274
610028290
610028292
610028300
610028302
610028303
610028323
610028328
610028339
610028349
610028353
610028362
610028379
610028380
610028410
610028419
610028421
610028444
610028457
610028468
610028477
610028479
610028487
610028489
610028497
610028507
610028515
610028518
610028519
610028528
610028539
610028543
610028564
610028599
610028600
610028601
610028604
610028606
610028620
610028621
610028630
610028632
610028634
610028644
610028663
610028679
610028685
610028688
610028689
610028699
610028710
610028721
610028724
610028727
610028731
610028743
610028771
610028772
610028776
610028778
610028795
610028803
610028813
610028831
610028845
610028856
610028890
610028917
610029009
610029012
610029023
610029036
610029063
610029071
610029092
610029119
610029127
610029149
610029164
610029213
610029221
610029223
610029224
610029230
610029263
610029264
610029273
610029274
610029276
610029299
610029315
610029320
610029326
610029333
610029343
610029357
610029361
610029378
610029379
610029384
610029390
610029396
610029397
610029419
610029444
610029456
610029467
610029481
610029492
610029515
610029520
610029551
610029553
610029555
610029564
610029576
610029614
610029615
610029618
610029634
610029654
610029656
610029661
610029662
610029663
610029697
610029709
610029736
610029750
610029765
610029767
610029773
610029798
610029802
610029806
610029808
610029809
610029817
610029841
610029844
610029845
610029850
610029855
610029863
610029869
610029909
610029911
610029925
610029928
610029941
610029944
610029968
610029971
610029976
610029978
610029993
610030000
610030007
610030014
610030031
610030039
610030070
610030074
610030106
610030127
610030128
610030130
610030142
610030148
610030162
610030166
610030171
610030182
610030188
610030198
610030200
610030206
610030213
610030217
610030220
610030239
610030244
610030246
610030250
610030251
610030258
610030282
610030283
610030291
610030292
610030294
610030310
610030311
610030312
610030350
610030353
610030362
610030366
610030371
610030387
610030390
610030395
610030402
610030405
610030415
610030416
610030417
610030418
610030430
610030456
610030460
610030464
610030469
610030484
610030511
610030519
610030522
610030523
610030532
610030535
610030565
610030567
610030588
610030593
610030594
610030601
610030608
610030618
610030621
610030626
610030627
610030672
610030678
610030707
610030709
610030712
610030726
610030761
610030777
610030778
610030790
610030804
610030806
610030812
610030838
610030839
610030844
610030854
610030856
610030857
610030860
610030864
610030871
610030872
610030876
610030903
610030905
610030913
610030925
610030927
610030930
610030947
610030949
610030951
610030959
610030965
610030966
610030976
610030983
610030986
610030993
610030995
610030997
610031011
610031016
610031019
610031024
610031025
610031044
610031053
610031060
610031062
610031066
610031067
610031073
610031087
610031088
610031090
610031092
610031116
610031141
610031146
610031152
610031172
610031181
610031183
610031191
610031193
610031202
610031212
610031213
610031217
610031258
610031269
610031274
610031299
610031308
610031326
610031334
610031337
610031348
610031390
610031393
610031419
610031437
610031439
610031440
610031443
610031453
610031487
610031495
610031505
610031522
610031524
610031527
610031546
610031553
610031565
610031588
610031597
610031600
610031603
610031623
610031625
610031626
610031632
610031634
610031635
610031644
610031651
610031655
610031662
610031672
610031676
610031677
610031681
610031683
610031696
610031697
610031698
610031701
610031704
610031709
610031710
610031726
610031727
610031730
610031732
610031734
610031737
610031742
610031746
610031765
610031768
610031769
610031771
610031774
610031776
610031779
610031783
610031790
610031801
610031803
610031809
610031811
610031813
610031831
610031837
610031838
610031840
610031844
610031846
610031847
610031856
610031858
610031859
610031860
610031861
610031863
610031866
610031873
610031876
610031881
610031883
610031888
610031889
610031893
610031894
610031910
610031911
610031917
610031923
610031924
610031927
610031931
610031935
610031936
610031937
610031939
610031940
610031951
610031954
610031957
610031958
610031959
610031965
610031966
610031967
610031969
610031970
610031986
610031991
610032003
610032005
610032008
610032010
610032012
610032013
610032017
610032025
610032033
610032037
610032042
610032046
610032048
610032053
610032054
610032061
610032063
610032067
610032068
610032069
610032071
610032082
610032090
610032091
610032092
610032093
610032096
610032097
610032100
610032103
610032109
610032116
610032121
610032122
610032125
610032127
610032135
610032146
610032149
610032151
610032152
610032157
610032160
610032163
610032164
610032167
610032171
610032172
610032177
610032182
610032184
610032185
610032189
610032192
610032195
610032198
610032200
610032204
610032209
610032218
610032226
610032233
610032234
610032239
610032243
610032252
610032255
610032259
610032264
610032268
610032269
610032271
610032285
610032299
610032300
610032301
610032302
610032303
610032309
610032310
610032311
610032317
610032327
610032331
610032341
610032343
610032344
610032346
610032351
610032353
610032356
610032363
610032364
610032365
610032369
610032372
610032376
610032378
610032379
610032380
610032381
610032382
610032388
610032390
610032396
610032397
610032405
610032411
610032412
610032413
610032414
610032421
610032422
610032429
610032432
610032437
610032438
610032439
610032442
610032446
610032449
610032455
610032458
610032463
610032464
610032465
610032467
610032478
610032480
610032485
610032486
610032491
610032495
610032498
610032504
610032505
610032512
610032519
610032523
610032532
610032533
610032536
610032540
610032543
610032544
610032547
610032548
610032549
610032550
610032559
610032560
610032562
610032565
610032566
610032567
610032571
610032572
610032574
610032575
610032581
610032583
610032589
610032596
610032599
610032607
610032609
610032610
610032612
610032613
610032616
610032620
610032622
610032623
610032627
610032628
610032647
610032649
610032662
610032668
610032673
610032682
610032685
610032688
610032699
610032700
610032701
610032712
610032713
610032714
610032723
610032729
610032732
610032737
610032741
610032743
610032744
610032745
610032746
610032747
610032748
610032749
610032750
610032751
610032752
610032754
610032755
610032757
610032762
610032763
610032770
610032774
610032775
610032777
610032778
610032782
610032786
610032787
610032791
610032793
610032799
610032800
610032801
610032804
610032806
610032812
610032814
610032815
610032821
610032822
610032824
610032825
610032827
610032830
610032831
610032838
610032840
610032841
610032845
610032847
610032853
610032860
610032861
610032863
610032872
610032873
610032877
610032878
610032883
610032889
610032895
610032898
610032900
610032901
610032902
610032903
610032907
610032910
610032911
610032923
610032933
610032936
610032944
610032954
610032955
610032957
610032960
610032971
610032972
610032975
610032980
610032985
610032986
610032995
610032996
610033015
610033029
610033036
610033050
610033055
610033071
610033081
610033122
610033124
610033134
610033139
610033142
610033145
610033171
610033173
610033174
610033175
610033177
610033241
610033259
900017674
900031875
940016781
940016894
940016898
940017113
940017239
940017242
940017452
940017459
940017546
940017574
940017604
940017623
940017946
940018038
940018043
940018100
940018116
940018166
940018344
940018358
940018571
940018573
940018649
940018716
940018749
940018800
940018803
940018817
940019042
940019134
940019239
940019246
940019416
940019554
940019616
940019947
940019954
940019956
940020100
940020102
940020162
940020258
940020397
940020398
940020401
940021011
940021440
940021507
940021579
940021640
940021740
940021753
940021760
940021864
940021915
940022090
940022309
940022374
940022497
940022754
940022756
940022891
940022947
940022954
940023215
940023289
940023373
940023397
940023411
940023579
940023641
940023645
940024013
940024399
940024507
940024599
940024631
940024891
940025079
940025125
940025198
940025283
940025285
940025338
940025553
940025628
940025683
940025784
940025863
940025920
940026059
940026155
940026196
940026247
940026268
940026617
940026884
940026910
940026979
940027085
940027102
940027214
940027241
940027413
940027434
940027534
940027921
940027922
940028040
940028131
940028175
940028248
940028313
940028365
940028394
940028430
940028483
940028637
940028641
940028659
940028747
940028757
940028842
940029092
940029101
940029167
940029185
940029196
940029213
940029248
940029261
940029267
940029283
940029296
940029323
940029341
940029350
940029372
940029465
940029511
940029516
940029552
940029561
940029584
940029712
940029727
940029731
940029743
940029745
940029792
940029857
940029899
940030078
940030187
940030191
940030207
940030243
940030248
940030297
940030300
940030347
940030406
940030419
940030437
940030529
940030649
940030671
940030686
940030721
940030783
940030989
940031021
940031080
940031109
940031110
940031158
940031228
940031232
940031294
940031300
940031301
940031302
940031310
940031321
940031323
940031340
940031347
940031361
940031374
940031379
940031391
940031398
940031411
940031414
940031415
940031417
940031431
940031449
940031460
940031466
940031467
940031475
940031483
940031488
940031508
940031551
940031554
940031564
940031582
940031615
940031665
940031678
940031751
990040025
990040030
990040065
990040220
990040260
990040275
990040408
990040441
990040624
990040657
990040683
990040714
990040749
990040913
990040993
990041047
990041088
990041165
990041168
990041172
990041300
990041342
990041355
990041439
990041453
990041531
990041564
990041575
990041634
990041739
990041762
990041770
990041779
990041814
990041846
990041865
990041867
990041871
990041911
990041920
990041930
990041941
990041961
990041979
990041987
990041998
990042022
990042035
990042060
990042065
990042068
990042076
990042085
990042086
990042094
990042096
990042098
990042102
990042107
990042119
990042136
990042138
990042164
990042181
990042183
990042184
990042185
990042194
990042198
990042199
990042213
990042219
990042243
990042249
990042251
990042261
990042263
990042265
990042268
990042272
990042273
990042274
990042276
990042282
990042284
990042287
